"","y","x2","x3","x4","x5","x6","x7","lnx2","lnx3","lnx4","lnx5","lnx6","lnx7","neginvx2","neginvx3","neginvx4","neginvx5","neginvx6","neginvx7"
"y",1,-0.0653354047457917,0.290026179598751,0.660595367726813,0.292215725338363,0.494083017860625,0.146447992677585,0.00194663968984406,0.579386528189124,0.665464668765135,0.561474003071985,0.674770651630578,0.0357502051253371,0.109601553193315,0.452829585558569,-0.132852933601436,0.434697554734141,0.500872765892826,0.0707352351741841
"x2",-0.0653354047457917,1,-0.481418522033146,-0.0189602108040975,0.0112562318875805,-0.319182682213254,0.157910519146295,0.86277493526187,-0.537803679382955,0.090995692931554,0.119220926003075,-0.500408328963859,0.59404222749303,0.266838527555672,-0.390538043925443,0.200121771772089,0.166831859132025,-0.489259949974282,0.338762543674255
"x3",0.290026179598751,-0.481418522033146,1,0.446490456329232,0.102886262199963,0.651908801513995,-0.0764852200067328,-0.673708749739616,0.765512319967963,0.324898589192963,0.224391017608297,0.577993178183342,-0.459511810497659,-0.63806030676236,0.394617967743903,0.0691454274276402,0.0384609242003205,0.337265533453962,-0.665313923180412
"x4",0.660595367726813,-0.0189602108040975,0.446490456329232,1,0.25002116160828,0.645087298543676,0.0483785674136756,0.0678789455537646,0.65135037954269,0.801967610741469,0.632730790507796,0.647148657450915,0.0416835967390801,0.0827135071235021,0.471228889632807,0.163158038713687,0.439352741409378,0.41811135404072,0.0774653330046493
"x5",0.292215725338363,0.0112562318875805,0.102886262199963,0.25002116160828,1,0.310157946311364,0.835765861112193,0.0400568603411757,0.188992829674848,0.249385583958008,0.60838784583645,0.32612880108789,0.428179833782876,0.0296991094562568,0.156112537118008,0.0505758381793605,0.233704200724531,0.167746871854513,0.0549628392987234
"x6",0.494083017860625,-0.319182682213254,0.651908801513995,0.645087298543676,0.310157946311364,1,0.0773967739405317,-0.259557348632923,0.613772121167296,0.49050896975169,0.513544350223723,0.731270873357966,-0.0417014652660165,0.00330101663075781,0.348031533143391,0.0925401748248776,0.273295950360463,0.344740329245502,-0.0149956780321831
"x7",0.146447992677585,0.157910519146295,-0.0764852200067328,0.0483785674136756,0.835765861112193,0.0773967739405317,1,0.143261622026815,-0.0272586975606815,0.0861985489685116,0.587788659004207,0.109495932400355,0.599921264668101,0.0485408368560726,0.00768285193988624,0.00687075171612316,0.253326706896186,0.040606333885736,0.0836379525723082
"lnx2",0.00194663968984406,0.86277493526187,-0.673708749739616,0.0678789455537646,0.0400568603411757,-0.259557348632923,0.143261622026815,1,-0.524262790021798,0.218992191294231,0.176581178997989,-0.38300916531961,0.638163383056342,0.632642055309138,-0.262812842638667,0.292340928311999,0.256556225894895,-0.33438709052901,0.679301182324913
"lnx3",0.579386528189124,-0.537803679382955,0.765512319967963,0.65135037954269,0.188992829674848,0.613772121167296,-0.0272586975606815,-0.524262790021798,1,0.716076912029727,0.42962965273867,0.891262336783415,-0.466629875259999,-0.293789516056977,0.821118540950106,0.250458062613652,0.286063559702267,0.736211796217541,-0.38540548343596
"lnx4",0.665464668765135,0.090995692931554,0.324898589192963,0.801967610741469,0.249385583958008,0.49050896975169,0.0861985489685116,0.218992191294231,0.716076912029727,1,0.637019879265848,0.707267672063804,-0.0115689096576005,0.181942853753839,0.725422292002291,0.526612315405195,0.538074829347752,0.569464514061369,0.115215214557319
"lnx5",0.561474003071985,0.119220926003075,0.224391017608297,0.632730790507796,0.60838784583645,0.513544350223723,0.587788659004207,0.176581178997989,0.42962965273867,0.637019879265848,1,0.596821385332191,0.59818732419223,0.1374550688009,0.409158305294002,0.148060543884465,0.794443294270649,0.430864355334234,0.222850942142228
"lnx6",0.674770651630578,-0.500408328963859,0.577993178183342,0.647148657450915,0.32612880108789,0.731270873357966,0.109495932400355,-0.38300916531961,0.891262336783415,0.707267672063804,0.596821385332191,1,-0.206396862918701,-0.0335575412475709,0.764189208726956,0.186906474635662,0.416013329876056,0.78963642846321,-0.108067048408016
"lnx7",0.0357502051253371,0.59404222749303,-0.459511810497659,0.0416835967390801,0.428179833782876,-0.0417014652660165,0.599921264668101,0.638163383056342,-0.466629875259999,-0.0115689096576005,0.59818732419223,-0.206396862918701,1,0.395248040690627,-0.327950523005588,-0.0772573628400546,0.524248814258308,-0.231342259496792,0.560205795323135
"neginvx2",0.109601553193315,0.266838527555672,-0.63806030676236,0.0827135071235021,0.0296991094562568,0.00330101663075781,0.0485408368560726,0.632642055309138,-0.293789516056977,0.181942853753839,0.1374550688009,-0.0335575412475709,0.395248040690627,1,-0.0949669030634797,0.0875133114505986,0.222525040991595,-0.06443318910504,0.939194556421108
"neginvx3",0.452829585558569,-0.390538043925443,0.394617967743903,0.471228889632807,0.156112537118008,0.348031533143391,0.00768285193988624,-0.262812842638667,0.821118540950106,0.725422292002291,0.409158305294002,0.764189208726956,-0.327950523005588,-0.0949669030634797,1,0.441007263798732,0.37291691476812,0.874770376273204,-0.169519031503325
"neginvx4",-0.132852933601436,0.200121771772089,0.0691454274276402,0.163158038713687,0.0505758381793605,0.0925401748248776,0.00687075171612316,0.292340928311999,0.250458062613652,0.526612315405195,0.148060543884465,0.186906474635662,-0.0772573628400546,0.0875133114505986,0.441007263798732,1,0.125131867769966,0.163451235309179,0.0117542984340206
"neginvx5",0.434697554734141,0.166831859132025,0.0384609242003205,0.439352741409378,0.233704200724531,0.273295950360463,0.253326706896186,0.256556225894895,0.286063559702267,0.538074829347752,0.794443294270649,0.416013329876056,0.524248814258308,0.222525040991595,0.37291691476812,0.125131867769966,1,0.423755511156797,0.334458890303238
"neginvx6",0.500872765892826,-0.489259949974282,0.337265533453962,0.41811135404072,0.167746871854513,0.344740329245502,0.040606333885736,-0.33438709052901,0.736211796217541,0.569464514061369,0.430864355334234,0.78963642846321,-0.231342259496792,-0.06443318910504,0.874770376273204,0.163451235309179,0.423755511156797,1,-0.115627228231774
"neginvx7",0.0707352351741841,0.338762543674255,-0.665313923180412,0.0774653330046493,0.0549628392987234,-0.0149956780321831,0.0836379525723082,0.679301182324913,-0.38540548343596,0.115215214557319,0.222850942142228,-0.108067048408016,0.560205795323135,0.939194556421108,-0.169519031503325,0.0117542984340206,0.334458890303238,-0.115627228231774,1
"","y","x2","x3","x4","x5","x6","x7","lnx2","lnx3","lnx4","lnx5","lnx6","lnx7","neginvx2","neginvx3","neginvx4","neginvx5","neginvx6","neginvx7"
"y",1,-0.0808472454076504,0.295299218407439,0.646717730721055,0.274317851973157,0.471819415012942,0.128066168121302,-0.0121028928278868,0.599059748243664,0.676490207410871,0.555452589342879,0.683289543959159,0.0123951578824871,0.094497250726717,0.493198336571339,-0.10896691759847,0.455762836249632,0.552116989606237,0.0529820071465764
"x2",-0.0808472454076504,1,-0.481418522033146,-0.0189602108040975,0.0112562318875805,-0.319182682213254,0.157910519146295,0.86277493526187,-0.537803679382955,0.090995692931554,0.119220926003075,-0.500408328963859,0.59404222749303,0.266838527555672,-0.390538043925443,0.200121771772089,0.166831859132025,-0.489259949974282,0.338762543674255
"x3",0.295299218407439,-0.481418522033146,1,0.446490456329232,0.102886262199963,0.651908801513995,-0.0764852200067328,-0.673708749739616,0.765512319967963,0.324898589192963,0.224391017608297,0.577993178183342,-0.459511810497659,-0.63806030676236,0.394617967743903,0.0691454274276402,0.0384609242003205,0.337265533453962,-0.665313923180412
"x4",0.646717730721055,-0.0189602108040975,0.446490456329232,1,0.25002116160828,0.645087298543676,0.0483785674136756,0.0678789455537646,0.65135037954269,0.801967610741469,0.632730790507796,0.647148657450915,0.0416835967390801,0.0827135071235021,0.471228889632807,0.163158038713687,0.439352741409378,0.41811135404072,0.0774653330046493
"x5",0.274317851973157,0.0112562318875805,0.102886262199963,0.25002116160828,1,0.310157946311364,0.835765861112193,0.0400568603411757,0.188992829674848,0.249385583958008,0.60838784583645,0.32612880108789,0.428179833782876,0.0296991094562568,0.156112537118008,0.0505758381793605,0.233704200724531,0.167746871854513,0.0549628392987234
"x6",0.471819415012942,-0.319182682213254,0.651908801513995,0.645087298543676,0.310157946311364,1,0.0773967739405317,-0.259557348632923,0.613772121167296,0.49050896975169,0.513544350223723,0.731270873357966,-0.0417014652660165,0.00330101663075781,0.348031533143391,0.0925401748248776,0.273295950360463,0.344740329245502,-0.0149956780321831
"x7",0.128066168121302,0.157910519146295,-0.0764852200067328,0.0483785674136756,0.835765861112193,0.0773967739405317,1,0.143261622026815,-0.0272586975606815,0.0861985489685116,0.587788659004207,0.109495932400355,0.599921264668101,0.0485408368560726,0.00768285193988624,0.00687075171612316,0.253326706896186,0.040606333885736,0.0836379525723082
"lnx2",-0.0121028928278868,0.86277493526187,-0.673708749739616,0.0678789455537646,0.0400568603411757,-0.259557348632923,0.143261622026815,1,-0.524262790021798,0.218992191294231,0.176581178997989,-0.38300916531961,0.638163383056342,0.632642055309138,-0.262812842638667,0.292340928311999,0.256556225894895,-0.33438709052901,0.679301182324913
"lnx3",0.599059748243664,-0.537803679382955,0.765512319967963,0.65135037954269,0.188992829674848,0.613772121167296,-0.0272586975606815,-0.524262790021798,1,0.716076912029727,0.42962965273867,0.891262336783415,-0.466629875259999,-0.293789516056977,0.821118540950106,0.250458062613652,0.286063559702267,0.736211796217541,-0.38540548343596
"lnx4",0.676490207410871,0.090995692931554,0.324898589192963,0.801967610741469,0.249385583958008,0.49050896975169,0.0861985489685116,0.218992191294231,0.716076912029727,1,0.637019879265848,0.707267672063804,-0.0115689096576005,0.181942853753839,0.725422292002291,0.526612315405195,0.538074829347752,0.569464514061369,0.115215214557319
"lnx5",0.555452589342879,0.119220926003075,0.224391017608297,0.632730790507796,0.60838784583645,0.513544350223723,0.587788659004207,0.176581178997989,0.42962965273867,0.637019879265848,1,0.596821385332191,0.59818732419223,0.1374550688009,0.409158305294002,0.148060543884465,0.794443294270649,0.430864355334234,0.222850942142228
"lnx6",0.683289543959159,-0.500408328963859,0.577993178183342,0.647148657450915,0.32612880108789,0.731270873357966,0.109495932400355,-0.38300916531961,0.891262336783415,0.707267672063804,0.596821385332191,1,-0.206396862918701,-0.0335575412475709,0.764189208726956,0.186906474635662,0.416013329876056,0.78963642846321,-0.108067048408016
"lnx7",0.0123951578824871,0.59404222749303,-0.459511810497659,0.0416835967390801,0.428179833782876,-0.0417014652660165,0.599921264668101,0.638163383056342,-0.466629875259999,-0.0115689096576005,0.59818732419223,-0.206396862918701,1,0.395248040690627,-0.327950523005588,-0.0772573628400546,0.524248814258308,-0.231342259496792,0.560205795323135
"neginvx2",0.094497250726717,0.266838527555672,-0.63806030676236,0.0827135071235021,0.0296991094562568,0.00330101663075781,0.0485408368560726,0.632642055309138,-0.293789516056977,0.181942853753839,0.1374550688009,-0.0335575412475709,0.395248040690627,1,-0.0949669030634797,0.0875133114505986,0.222525040991595,-0.06443318910504,0.939194556421108
"neginvx3",0.493198336571339,-0.390538043925443,0.394617967743903,0.471228889632807,0.156112537118008,0.348031533143391,0.00768285193988624,-0.262812842638667,0.821118540950106,0.725422292002291,0.409158305294002,0.764189208726956,-0.327950523005588,-0.0949669030634797,1,0.441007263798732,0.37291691476812,0.874770376273204,-0.169519031503325
"neginvx4",-0.10896691759847,0.200121771772089,0.0691454274276402,0.163158038713687,0.0505758381793605,0.0925401748248776,0.00687075171612316,0.292340928311999,0.250458062613652,0.526612315405195,0.148060543884465,0.186906474635662,-0.0772573628400546,0.0875133114505986,0.441007263798732,1,0.125131867769966,0.163451235309179,0.0117542984340206
"neginvx5",0.455762836249632,0.166831859132025,0.0384609242003205,0.439352741409378,0.233704200724531,0.273295950360463,0.253326706896186,0.256556225894895,0.286063559702267,0.538074829347752,0.794443294270649,0.416013329876056,0.524248814258308,0.222525040991595,0.37291691476812,0.125131867769966,1,0.423755511156797,0.334458890303238
"neginvx6",0.552116989606237,-0.489259949974282,0.337265533453962,0.41811135404072,0.167746871854513,0.344740329245502,0.040606333885736,-0.33438709052901,0.736211796217541,0.569464514061369,0.430864355334234,0.78963642846321,-0.231342259496792,-0.06443318910504,0.874770376273204,0.163451235309179,0.423755511156797,1,-0.115627228231774
"neginvx7",0.0529820071465764,0.338762543674255,-0.665313923180412,0.0774653330046493,0.0549628392987234,-0.0149956780321831,0.0836379525723082,0.679301182324913,-0.38540548343596,0.115215214557319,0.222850942142228,-0.108067048408016,0.560205795323135,0.939194556421108,-0.169519031503325,0.0117542984340206,0.334458890303238,-0.115627228231774,1
"","y","x2","x3","x4","x5","x6","x7","lnx2","lnx3","lnx4","lnx5","lnx6","lnx7","neginvx2","neginvx3","neginvx4","neginvx5","neginvx6","neginvx7"
"y",1,-0.053935386887833,0.301096186631893,0.64445194444278,0.275831453112922,0.462660676593517,0.137910793587809,-0.00543420750432309,0.600376330372692,0.683465283914609,0.563521588120039,0.676284270215562,0.0191316750821723,0.0772617008364785,0.499042850891819,-0.0993806909841854,0.467967707062802,0.546328613908386,0.0337088143499222
"x2",-0.053935386887833,1,-0.481418522033146,-0.0189602108040975,0.0112562318875805,-0.319182682213254,0.157910519146295,0.86277493526187,-0.537803679382955,0.090995692931554,0.119220926003075,-0.500408328963859,0.59404222749303,0.266838527555672,-0.390538043925443,0.200121771772089,0.166831859132025,-0.489259949974282,0.338762543674255
"x3",0.301096186631893,-0.481418522033146,1,0.446490456329232,0.102886262199963,0.651908801513995,-0.0764852200067328,-0.673708749739616,0.765512319967963,0.324898589192963,0.224391017608297,0.577993178183342,-0.459511810497659,-0.63806030676236,0.394617967743903,0.0691454274276402,0.0384609242003205,0.337265533453962,-0.665313923180412
"x4",0.64445194444278,-0.0189602108040975,0.446490456329232,1,0.25002116160828,0.645087298543676,0.0483785674136756,0.0678789455537646,0.65135037954269,0.801967610741469,0.632730790507796,0.647148657450915,0.0416835967390801,0.0827135071235021,0.471228889632807,0.163158038713687,0.439352741409378,0.41811135404072,0.0774653330046493
"x5",0.275831453112922,0.0112562318875805,0.102886262199963,0.25002116160828,1,0.310157946311364,0.835765861112193,0.0400568603411757,0.188992829674848,0.249385583958008,0.60838784583645,0.32612880108789,0.428179833782876,0.0296991094562568,0.156112537118008,0.0505758381793605,0.233704200724531,0.167746871854513,0.0549628392987234
"x6",0.462660676593517,-0.319182682213254,0.651908801513995,0.645087298543676,0.310157946311364,1,0.0773967739405317,-0.259557348632923,0.613772121167296,0.49050896975169,0.513544350223723,0.731270873357966,-0.0417014652660165,0.00330101663075781,0.348031533143391,0.0925401748248776,0.273295950360463,0.344740329245502,-0.0149956780321831
"x7",0.137910793587809,0.157910519146295,-0.0764852200067328,0.0483785674136756,0.835765861112193,0.0773967739405317,1,0.143261622026815,-0.0272586975606815,0.0861985489685116,0.587788659004207,0.109495932400355,0.599921264668101,0.0485408368560726,0.00768285193988624,0.00687075171612316,0.253326706896186,0.040606333885736,0.0836379525723082
"lnx2",-0.00543420750432309,0.86277493526187,-0.673708749739616,0.0678789455537646,0.0400568603411757,-0.259557348632923,0.143261622026815,1,-0.524262790021798,0.218992191294231,0.176581178997989,-0.38300916531961,0.638163383056342,0.632642055309138,-0.262812842638667,0.292340928311999,0.256556225894895,-0.33438709052901,0.679301182324913
"lnx3",0.600376330372692,-0.537803679382955,0.765512319967963,0.65135037954269,0.188992829674848,0.613772121167296,-0.0272586975606815,-0.524262790021798,1,0.716076912029727,0.42962965273867,0.891262336783415,-0.466629875259999,-0.293789516056977,0.821118540950106,0.250458062613652,0.286063559702267,0.736211796217541,-0.38540548343596
"lnx4",0.683465283914609,0.090995692931554,0.324898589192963,0.801967610741469,0.249385583958008,0.49050896975169,0.0861985489685116,0.218992191294231,0.716076912029727,1,0.637019879265848,0.707267672063804,-0.0115689096576005,0.181942853753839,0.725422292002291,0.526612315405195,0.538074829347752,0.569464514061369,0.115215214557319
"lnx5",0.563521588120039,0.119220926003075,0.224391017608297,0.632730790507796,0.60838784583645,0.513544350223723,0.587788659004207,0.176581178997989,0.42962965273867,0.637019879265848,1,0.596821385332191,0.59818732419223,0.1374550688009,0.409158305294002,0.148060543884465,0.794443294270649,0.430864355334234,0.222850942142228
"lnx6",0.676284270215562,-0.500408328963859,0.577993178183342,0.647148657450915,0.32612880108789,0.731270873357966,0.109495932400355,-0.38300916531961,0.891262336783415,0.707267672063804,0.596821385332191,1,-0.206396862918701,-0.0335575412475709,0.764189208726956,0.186906474635662,0.416013329876056,0.78963642846321,-0.108067048408016
"lnx7",0.0191316750821723,0.59404222749303,-0.459511810497659,0.0416835967390801,0.428179833782876,-0.0417014652660165,0.599921264668101,0.638163383056342,-0.466629875259999,-0.0115689096576005,0.59818732419223,-0.206396862918701,1,0.395248040690627,-0.327950523005588,-0.0772573628400546,0.524248814258308,-0.231342259496792,0.560205795323135
"neginvx2",0.0772617008364785,0.266838527555672,-0.63806030676236,0.0827135071235021,0.0296991094562568,0.00330101663075781,0.0485408368560726,0.632642055309138,-0.293789516056977,0.181942853753839,0.1374550688009,-0.0335575412475709,0.395248040690627,1,-0.0949669030634797,0.0875133114505986,0.222525040991595,-0.06443318910504,0.939194556421108
"neginvx3",0.499042850891819,-0.390538043925443,0.394617967743903,0.471228889632807,0.156112537118008,0.348031533143391,0.00768285193988624,-0.262812842638667,0.821118540950106,0.725422292002291,0.409158305294002,0.764189208726956,-0.327950523005588,-0.0949669030634797,1,0.441007263798732,0.37291691476812,0.874770376273204,-0.169519031503325
"neginvx4",-0.0993806909841854,0.200121771772089,0.0691454274276402,0.163158038713687,0.0505758381793605,0.0925401748248776,0.00687075171612316,0.292340928311999,0.250458062613652,0.526612315405195,0.148060543884465,0.186906474635662,-0.0772573628400546,0.0875133114505986,0.441007263798732,1,0.125131867769966,0.163451235309179,0.0117542984340206
"neginvx5",0.467967707062802,0.166831859132025,0.0384609242003205,0.439352741409378,0.233704200724531,0.273295950360463,0.253326706896186,0.256556225894895,0.286063559702267,0.538074829347752,0.794443294270649,0.416013329876056,0.524248814258308,0.222525040991595,0.37291691476812,0.125131867769966,1,0.423755511156797,0.334458890303238
"neginvx6",0.546328613908386,-0.489259949974282,0.337265533453962,0.41811135404072,0.167746871854513,0.344740329245502,0.040606333885736,-0.33438709052901,0.736211796217541,0.569464514061369,0.430864355334234,0.78963642846321,-0.231342259496792,-0.06443318910504,0.874770376273204,0.163451235309179,0.423755511156797,1,-0.115627228231774
"neginvx7",0.0337088143499222,0.338762543674255,-0.665313923180412,0.0774653330046493,0.0549628392987234,-0.0149956780321831,0.0836379525723082,0.679301182324913,-0.38540548343596,0.115215214557319,0.222850942142228,-0.108067048408016,0.560205795323135,0.939194556421108,-0.169519031503325,0.0117542984340206,0.334458890303238,-0.115627228231774,1
"","y","x2","x3","x4","x5","x6","x7","lnx2","lnx3","lnx4","lnx5","lnx6","lnx7","neginvx2","neginvx3","neginvx4","neginvx5","neginvx6","neginvx7"
"y",1,-0.0703907383340408,0.325919948387637,0.632472343599599,0.282324866580012,0.46657188363664,0.139690344372495,-0.0306716644190258,0.610703240246649,0.674611155682142,0.570043878970929,0.67848095346218,0.0163610626561094,0.0361509579999419,0.50737169168557,-0.0945546806269309,0.479278724022673,0.559634556047226,0.00313556866022725
"x2",-0.0703907383340408,1,-0.481418522033146,-0.0189602108040975,0.0112562318875805,-0.319182682213254,0.157910519146295,0.86277493526187,-0.537803679382955,0.090995692931554,0.119220926003075,-0.500408328963859,0.59404222749303,0.266838527555672,-0.390538043925443,0.200121771772089,0.166831859132025,-0.489259949974282,0.338762543674255
"x3",0.325919948387637,-0.481418522033146,1,0.446490456329232,0.102886262199963,0.651908801513995,-0.0764852200067328,-0.673708749739616,0.765512319967963,0.324898589192963,0.224391017608297,0.577993178183342,-0.459511810497659,-0.63806030676236,0.394617967743903,0.0691454274276402,0.0384609242003205,0.337265533453962,-0.665313923180412
"x4",0.632472343599599,-0.0189602108040975,0.446490456329232,1,0.25002116160828,0.645087298543676,0.0483785674136756,0.0678789455537646,0.65135037954269,0.801967610741469,0.632730790507796,0.647148657450915,0.0416835967390801,0.0827135071235021,0.471228889632807,0.163158038713687,0.439352741409378,0.41811135404072,0.0774653330046493
"x5",0.282324866580012,0.0112562318875805,0.102886262199963,0.25002116160828,1,0.310157946311364,0.835765861112193,0.0400568603411757,0.188992829674848,0.249385583958008,0.60838784583645,0.32612880108789,0.428179833782876,0.0296991094562568,0.156112537118008,0.0505758381793605,0.233704200724531,0.167746871854513,0.0549628392987234
"x6",0.46657188363664,-0.319182682213254,0.651908801513995,0.645087298543676,0.310157946311364,1,0.0773967739405317,-0.259557348632923,0.613772121167296,0.49050896975169,0.513544350223723,0.731270873357966,-0.0417014652660165,0.00330101663075781,0.348031533143391,0.0925401748248776,0.273295950360463,0.344740329245502,-0.0149956780321831
"x7",0.139690344372495,0.157910519146295,-0.0764852200067328,0.0483785674136756,0.835765861112193,0.0773967739405317,1,0.143261622026815,-0.0272586975606815,0.0861985489685116,0.587788659004207,0.109495932400355,0.599921264668101,0.0485408368560726,0.00768285193988624,0.00687075171612316,0.253326706896186,0.040606333885736,0.0836379525723082
"lnx2",-0.0306716644190258,0.86277493526187,-0.673708749739616,0.0678789455537646,0.0400568603411757,-0.259557348632923,0.143261622026815,1,-0.524262790021798,0.218992191294231,0.176581178997989,-0.38300916531961,0.638163383056342,0.632642055309138,-0.262812842638667,0.292340928311999,0.256556225894895,-0.33438709052901,0.679301182324913
"lnx3",0.610703240246649,-0.537803679382955,0.765512319967963,0.65135037954269,0.188992829674848,0.613772121167296,-0.0272586975606815,-0.524262790021798,1,0.716076912029727,0.42962965273867,0.891262336783415,-0.466629875259999,-0.293789516056977,0.821118540950106,0.250458062613652,0.286063559702267,0.736211796217541,-0.38540548343596
"lnx4",0.674611155682142,0.090995692931554,0.324898589192963,0.801967610741469,0.249385583958008,0.49050896975169,0.0861985489685116,0.218992191294231,0.716076912029727,1,0.637019879265848,0.707267672063804,-0.0115689096576005,0.181942853753839,0.725422292002291,0.526612315405195,0.538074829347752,0.569464514061369,0.115215214557319
"lnx5",0.570043878970929,0.119220926003075,0.224391017608297,0.632730790507796,0.60838784583645,0.513544350223723,0.587788659004207,0.176581178997989,0.42962965273867,0.637019879265848,1,0.596821385332191,0.59818732419223,0.1374550688009,0.409158305294002,0.148060543884465,0.794443294270649,0.430864355334234,0.222850942142228
"lnx6",0.67848095346218,-0.500408328963859,0.577993178183342,0.647148657450915,0.32612880108789,0.731270873357966,0.109495932400355,-0.38300916531961,0.891262336783415,0.707267672063804,0.596821385332191,1,-0.206396862918701,-0.0335575412475709,0.764189208726956,0.186906474635662,0.416013329876056,0.78963642846321,-0.108067048408016
"lnx7",0.0163610626561094,0.59404222749303,-0.459511810497659,0.0416835967390801,0.428179833782876,-0.0417014652660165,0.599921264668101,0.638163383056342,-0.466629875259999,-0.0115689096576005,0.59818732419223,-0.206396862918701,1,0.395248040690627,-0.327950523005588,-0.0772573628400546,0.524248814258308,-0.231342259496792,0.560205795323135
"neginvx2",0.0361509579999419,0.266838527555672,-0.63806030676236,0.0827135071235021,0.0296991094562568,0.00330101663075781,0.0485408368560726,0.632642055309138,-0.293789516056977,0.181942853753839,0.1374550688009,-0.0335575412475709,0.395248040690627,1,-0.0949669030634797,0.0875133114505986,0.222525040991595,-0.06443318910504,0.939194556421108
"neginvx3",0.50737169168557,-0.390538043925443,0.394617967743903,0.471228889632807,0.156112537118008,0.348031533143391,0.00768285193988624,-0.262812842638667,0.821118540950106,0.725422292002291,0.409158305294002,0.764189208726956,-0.327950523005588,-0.0949669030634797,1,0.441007263798732,0.37291691476812,0.874770376273204,-0.169519031503325
"neginvx4",-0.0945546806269309,0.200121771772089,0.0691454274276402,0.163158038713687,0.0505758381793605,0.0925401748248776,0.00687075171612316,0.292340928311999,0.250458062613652,0.526612315405195,0.148060543884465,0.186906474635662,-0.0772573628400546,0.0875133114505986,0.441007263798732,1,0.125131867769966,0.163451235309179,0.0117542984340206
"neginvx5",0.479278724022673,0.166831859132025,0.0384609242003205,0.439352741409378,0.233704200724531,0.273295950360463,0.253326706896186,0.256556225894895,0.286063559702267,0.538074829347752,0.794443294270649,0.416013329876056,0.524248814258308,0.222525040991595,0.37291691476812,0.125131867769966,1,0.423755511156797,0.334458890303238
"neginvx6",0.559634556047226,-0.489259949974282,0.337265533453962,0.41811135404072,0.167746871854513,0.344740329245502,0.040606333885736,-0.33438709052901,0.736211796217541,0.569464514061369,0.430864355334234,0.78963642846321,-0.231342259496792,-0.06443318910504,0.874770376273204,0.163451235309179,0.423755511156797,1,-0.115627228231774
"neginvx7",0.00313556866022725,0.338762543674255,-0.665313923180412,0.0774653330046493,0.0549628392987234,-0.0149956780321831,0.0836379525723082,0.679301182324913,-0.38540548343596,0.115215214557319,0.222850942142228,-0.108067048408016,0.560205795323135,0.939194556421108,-0.169519031503325,0.0117542984340206,0.334458890303238,-0.115627228231774,1
"","y","x2","x3","x4","x5","x6","x7","lnx2","lnx3","lnx4","lnx5","lnx6","lnx7","neginvx2","neginvx3","neginvx4","neginvx5","neginvx6","neginvx7"
"y",1,-0.0511107476412495,0.298525876395428,0.645042891927448,0.267207602488648,0.46326320176254,0.113659162048738,0.00655499223507812,0.605070014798242,0.698670906878795,0.54697584069792,0.68176086547219,-0.00124179451311517,0.0894672040624759,0.503501737799319,-0.0900555813963224,0.458647104439837,0.56265919102496,0.0423920170915904
"x2",-0.0511107476412495,1,-0.481418522033146,-0.0189602108040975,0.0112562318875805,-0.319182682213254,0.157910519146295,0.86277493526187,-0.537803679382955,0.090995692931554,0.119220926003075,-0.500408328963859,0.59404222749303,0.266838527555672,-0.390538043925443,0.200121771772089,0.166831859132025,-0.489259949974282,0.338762543674255
"x3",0.298525876395428,-0.481418522033146,1,0.446490456329232,0.102886262199963,0.651908801513995,-0.0764852200067328,-0.673708749739616,0.765512319967963,0.324898589192963,0.224391017608297,0.577993178183342,-0.459511810497659,-0.63806030676236,0.394617967743903,0.0691454274276402,0.0384609242003205,0.337265533453962,-0.665313923180412
"x4",0.645042891927448,-0.0189602108040975,0.446490456329232,1,0.25002116160828,0.645087298543676,0.0483785674136756,0.0678789455537646,0.65135037954269,0.801967610741469,0.632730790507796,0.647148657450915,0.0416835967390801,0.0827135071235021,0.471228889632807,0.163158038713687,0.439352741409378,0.41811135404072,0.0774653330046493
"x5",0.267207602488648,0.0112562318875805,0.102886262199963,0.25002116160828,1,0.310157946311364,0.835765861112193,0.0400568603411757,0.188992829674848,0.249385583958008,0.60838784583645,0.32612880108789,0.428179833782876,0.0296991094562568,0.156112537118008,0.0505758381793605,0.233704200724531,0.167746871854513,0.0549628392987234
"x6",0.46326320176254,-0.319182682213254,0.651908801513995,0.645087298543676,0.310157946311364,1,0.0773967739405317,-0.259557348632923,0.613772121167296,0.49050896975169,0.513544350223723,0.731270873357966,-0.0417014652660165,0.00330101663075781,0.348031533143391,0.0925401748248776,0.273295950360463,0.344740329245502,-0.0149956780321831
"x7",0.113659162048738,0.157910519146295,-0.0764852200067328,0.0483785674136756,0.835765861112193,0.0773967739405317,1,0.143261622026815,-0.0272586975606815,0.0861985489685116,0.587788659004207,0.109495932400355,0.599921264668101,0.0485408368560726,0.00768285193988624,0.00687075171612316,0.253326706896186,0.040606333885736,0.0836379525723082
"lnx2",0.00655499223507812,0.86277493526187,-0.673708749739616,0.0678789455537646,0.0400568603411757,-0.259557348632923,0.143261622026815,1,-0.524262790021798,0.218992191294231,0.176581178997989,-0.38300916531961,0.638163383056342,0.632642055309138,-0.262812842638667,0.292340928311999,0.256556225894895,-0.33438709052901,0.679301182324913
"lnx3",0.605070014798242,-0.537803679382955,0.765512319967963,0.65135037954269,0.188992829674848,0.613772121167296,-0.0272586975606815,-0.524262790021798,1,0.716076912029727,0.42962965273867,0.891262336783415,-0.466629875259999,-0.293789516056977,0.821118540950106,0.250458062613652,0.286063559702267,0.736211796217541,-0.38540548343596
"lnx4",0.698670906878795,0.090995692931554,0.324898589192963,0.801967610741469,0.249385583958008,0.49050896975169,0.0861985489685116,0.218992191294231,0.716076912029727,1,0.637019879265848,0.707267672063804,-0.0115689096576005,0.181942853753839,0.725422292002291,0.526612315405195,0.538074829347752,0.569464514061369,0.115215214557319
"lnx5",0.54697584069792,0.119220926003075,0.224391017608297,0.632730790507796,0.60838784583645,0.513544350223723,0.587788659004207,0.176581178997989,0.42962965273867,0.637019879265848,1,0.596821385332191,0.59818732419223,0.1374550688009,0.409158305294002,0.148060543884465,0.794443294270649,0.430864355334234,0.222850942142228
"lnx6",0.68176086547219,-0.500408328963859,0.577993178183342,0.647148657450915,0.32612880108789,0.731270873357966,0.109495932400355,-0.38300916531961,0.891262336783415,0.707267672063804,0.596821385332191,1,-0.206396862918701,-0.0335575412475709,0.764189208726956,0.186906474635662,0.416013329876056,0.78963642846321,-0.108067048408016
"lnx7",-0.00124179451311517,0.59404222749303,-0.459511810497659,0.0416835967390801,0.428179833782876,-0.0417014652660165,0.599921264668101,0.638163383056342,-0.466629875259999,-0.0115689096576005,0.59818732419223,-0.206396862918701,1,0.395248040690627,-0.327950523005588,-0.0772573628400546,0.524248814258308,-0.231342259496792,0.560205795323135
"neginvx2",0.0894672040624759,0.266838527555672,-0.63806030676236,0.0827135071235021,0.0296991094562568,0.00330101663075781,0.0485408368560726,0.632642055309138,-0.293789516056977,0.181942853753839,0.1374550688009,-0.0335575412475709,0.395248040690627,1,-0.0949669030634797,0.0875133114505986,0.222525040991595,-0.06443318910504,0.939194556421108
"neginvx3",0.503501737799319,-0.390538043925443,0.394617967743903,0.471228889632807,0.156112537118008,0.348031533143391,0.00768285193988624,-0.262812842638667,0.821118540950106,0.725422292002291,0.409158305294002,0.764189208726956,-0.327950523005588,-0.0949669030634797,1,0.441007263798732,0.37291691476812,0.874770376273204,-0.169519031503325
"neginvx4",-0.0900555813963224,0.200121771772089,0.0691454274276402,0.163158038713687,0.0505758381793605,0.0925401748248776,0.00687075171612316,0.292340928311999,0.250458062613652,0.526612315405195,0.148060543884465,0.186906474635662,-0.0772573628400546,0.0875133114505986,0.441007263798732,1,0.125131867769966,0.163451235309179,0.0117542984340206
"neginvx5",0.458647104439837,0.166831859132025,0.0384609242003205,0.439352741409378,0.233704200724531,0.273295950360463,0.253326706896186,0.256556225894895,0.286063559702267,0.538074829347752,0.794443294270649,0.416013329876056,0.524248814258308,0.222525040991595,0.37291691476812,0.125131867769966,1,0.423755511156797,0.334458890303238
"neginvx6",0.56265919102496,-0.489259949974282,0.337265533453962,0.41811135404072,0.167746871854513,0.344740329245502,0.040606333885736,-0.33438709052901,0.736211796217541,0.569464514061369,0.430864355334234,0.78963642846321,-0.231342259496792,-0.06443318910504,0.874770376273204,0.163451235309179,0.423755511156797,1,-0.115627228231774
"neginvx7",0.0423920170915904,0.338762543674255,-0.665313923180412,0.0774653330046493,0.0549628392987234,-0.0149956780321831,0.0836379525723082,0.679301182324913,-0.38540548343596,0.115215214557319,0.222850942142228,-0.108067048408016,0.560205795323135,0.939194556421108,-0.169519031503325,0.0117542984340206,0.334458890303238,-0.115627228231774,1
