CurrentTotalRuntime,TestNo,TestRuntimeOriginal,KilledByTest,AnalyzedByTest,CoveredByTest,TotalKilled,TotalFailure,TotalException,TotalTimeout,LiveMutants,TotalAnalyzed
6232,1,1,19,146,146,19,4,9,6,9284,146
20349,2,1,54,123,123,73,5,12,59,9230,269
52542,3,1,75,137,137,148,5,12,196,9155,406
53224,4,1,2,13,13,151,6,18,198,9152,419
53906,5,1,9,35,35,160,13,19,201,9143,454
54657,6,1,14,49,49,174,25,24,205,9129,503
55571,7,1,1,44,44,175,35,27,209,9128,547
61568,8,1,17,111,111,192,37,39,213,9111,658
68579,9,1,5,106,106,197,40,49,216,9106,764
73504,10,1,4,102,102,201,44,59,218,9102,866
85498,11,1,53,216,216,254,92,70,223,9049,1082
95306,12,1,2,169,169,256,94,82,227,9047,1251
95792,13,1,23,58,58,279,114,85,227,9024,1309
96344,14,1,23,63,63,302,131,92,227,9001,1372
97821,15,1,34,140,140,336,139,119,229,8967,1512
98726,16,1,21,111,111,357,142,141,229,8946,1623
100028,17,1,90,132,132,447,224,151,230,8856,1755
102799,18,1,99,253,253,546,315,181,235,8757,2008
103006,19,1,3,26,26,549,319,183,235,8754,2034
103506,20,1,20,62,62,569,343,186,235,8734,2096
104714,21,1,1,122,122,570,347,209,236,8733,2218
107439,22,1,65,260,260,635,391,261,241,8668,2478
108087,23,1,18,80,80,653,395,288,241,8650,2558
110079,24,1,20,147,147,673,411,288,248,8630,2705
110777,25,1,3,59,59,676,416,300,249,8627,2764
111741,26,1,36,117,117,712,437,323,249,8591,2881
111871,27,1,0,16,16,712,438,323,249,8591,2897
112278,28,1,8,50,50,720,450,325,249,8583,2947
112578,29,1,0,11,11,720,450,325,250,8583,2958
113093,30,1,16,64,64,736,470,327,250,8567,3022
113594,31,1,20,62,62,756,494,329,250,8547,3084
113998,32,1,8,50,50,764,506,332,250,8539,3134
115232,33,1,25,123,123,789,567,342,251,8514,3257
117532,34,1,30,252,252,819,632,387,252,8484,3509
118117,35,1,0,46,46,819,647,390,253,8484,3555
118696,36,1,22,72,72,841,669,396,253,8462,3627
119669,37,1,3,96,96,844,683,414,254,8459,3723
120567,38,1,3,111,111,847,689,439,254,8456,3834
121685,39,1,19,112,112,866,715,455,255,8437,3946
143956,40,1,21,357,357,887,734,480,262,8416,4303
158399,41,1,5,216,216,892,746,502,268,8411,4519
167014,42,1,4,162,162,896,752,516,272,8407,4681
183872,43,1,53,214,214,949,762,572,278,8354,4895
183977,44,1,26,41,41,975,781,579,278,8328,4936
184082,45,1,0,41,41,975,799,586,278,8328,4977
184175,46,1,1,36,36,976,799,593,278,8327,5013
184281,47,1,1,41,41,977,817,600,278,8326,5054
184402,48,1,7,47,47,984,829,608,278,8319,5101
184404,49,1,0,1,1,984,829,608,278,8319,5102
189033,50,1,7,97,97,991,832,618,280,8312,5199
223820,51,1,41,298,298,1032,852,651,289,8271,5497
247524,52,1,7,229,229,1039,858,667,295,8264,5726
271351,53,1,2,233,233,1041,859,680,301,8262,5959
303185,54,1,3,291,291,1044,876,714,309,8259,6250
316306,55,1,8,128,128,1052,883,734,313,8251,6378
322556,56,1,1,97,97,1053,885,744,318,8250,6475
344905,57,1,20,196,196,1073,898,762,325,8230,6671
353719,58,1,2,100,100,1075,899,772,327,8228,6771
375192,59,1,11,183,183,1086,925,807,333,8217,6954
382328,60,1,1572,1827,1827,2658,2381,917,339,6645,8781
387478,61,1,121,162,162,2779,2460,975,344,6524,8943
404316,62,1,136,213,213,2915,2560,1007,397,6388,9156
419261,63,1,49,76,76,2964,2560,1011,462,6339,9232
436926,64,1,9,80,80,2973,2560,1011,542,6330,9312
436926,65,1,0,0,0,2973,2560,1011,543,6330,9312
732066,66,1,298,663,663,3271,2567,1277,674,6032,9975
734224,67,1,98,154,154,3369,2614,1324,678,5934,10129
736079,68,1,1,91,91,3370,2614,1357,681,5933,10220
738411,69,1,34,189,189,3404,2656,1414,685,5899,10409
738953,70,1,7,55,55,3411,2664,1419,685,5892,10464
741527,71,1,54,141,141,3465,2671,1475,692,5838,10605
742843,72,1,54,110,110,3519,2719,1484,693,5784,10715
743350,73,1,5,54,54,3524,2723,1491,693,5779,10769
743996,74,2,0,26,26,3524,2725,1492,696,5779,10795
744881,75,2,1,41,41,3525,2733,1495,700,5778,10836
745709,76,2,3,30,30,3528,2735,1496,705,5775,10866
752210,77,2,14,112,112,3542,2748,1505,709,5761,10978
767079,78,2,3,226,226,3545,2798,1516,718,5758,11204
770071,79,2,13,264,264,3558,2829,1585,722,5745,11468
774928,80,2,47,188,188,3605,2829,1665,735,5698,11656
802752,81,2,45,188,188,3650,2829,1686,863,5653,11844
842724,82,2,32,189,189,3683,2829,1686,1052,5620,12033
884335,83,2,4,197,197,3687,2829,1686,1249,5616,12230
945253,84,2,193,339,339,3880,2829,1699,1537,5423,12569
972878,85,2,37,439,439,3917,2830,1807,1546,5386,13008
1011210,86,2,3,304,304,3921,2857,1846,1561,5382,13312
1041853,87,2,1,264,264,3922,2872,1865,1573,5381,13576
1049716,88,2,13,136,136,3935,2874,1876,1577,5368,13712
1060355,89,2,55,1953,1953,3990,4296,2062,1596,5313,15665
1081322,90,2,4,105,105,3994,4310,2062,1686,5309,15770
1093033,91,2,17,212,212,4011,4327,2092,1694,5292,15982
1103676,92,2,2,204,204,4013,4327,2126,1702,5290,16186
1116100,93,2,6,207,207,4019,4335,2161,1711,5284,16393
1118089,94,2,0,127,127,4019,4368,2209,1716,5284,16520
1122121,95,2,19,159,159,4038,4420,2235,1731,5265,16679
1123288,96,2,32,102,102,4070,4441,2259,1732,5233,16781
1123889,97,2,1,36,36,4071,4445,2262,1733,5232,16817
1141697,98,3,7,227,227,4078,4468,2271,1739,5225,17044
1142730,99,3,11,121,121,4089,4479,2272,1739,5214,17165
1142821,100,3,0,36,36,4089,4479,2279,1739,5214,17201
1157801,101,3,29,180,180,4118,4487,2308,1743,5185,17381
1612336,102,3,635,2298,2298,4753,4623,2420,3774,4550,19679
1725231,103,3,191,2591,2591,4944,6181,2808,3930,4359,22270
1731444,104,4,7,104,104,4951,6186,2817,3934,4352,22374
1781201,105,4,14,384,384,4965,6203,2852,3934,4338,22758
1782416,106,6,1,30,30,4966,6204,2855,3938,4337,22788
1785723,107,6,0,22,22,4966,6204,2856,3947,4337,22810
1797476,108,6,2,134,134,4968,6205,2868,3953,4335,22944
1797739,109,6,15,23,23,4983,6205,2881,3955,4320,22967
1800077,110,6,22,201,201,5005,6254,2940,3960,4298,23168
1800395,111,7,4,18,18,5009,6261,2940,3960,4294,23186
1815584,112,7,476,773,773,5485,6686,3028,3972,3818,23959
1832888,113,7,15,823,823,5500,7119,3116,3986,3803,24782
1835959,114,9,20,180,180,5520,7127,3189,3990,3783,24962
1852851,115,11,31,269,269,5551,7147,3270,3995,3752,25231
1856381,116,12,1,144,144,5552,7154,3330,3995,3751,25375
1861819,117,12,19,205,205,5571,7187,3380,3999,3732,25580
1875969,118,13,5,172,172,5576,7217,3389,4005,3727,25752
1878449,119,13,23,83,83,5599,7222,3416,4013,3704,25835
1971560,120,13,91,421,421,5690,7222,3542,4047,3613,26256
2126312,121,13,84,359,359,5774,7222,3629,4129,3529,26615
2128025,122,14,2,161,161,5776,7222,3642,4132,3527,26776
2169637,123,16,6,105,105,5782,7224,3654,4166,3521,26881
7605941,124,16,327,754,754,6109,7224,3896,4608,3194,27635
7655023,125,16,21,239,239,6130,7227,3925,4714,3173,27874
7706356,126,17,26,147,147,6156,7245,3933,4782,3147,28021
7807186,127,18,29,222,222,6185,7245,4023,4811,3118,28243
8076448,128,22,58,364,364,6243,7245,4076,5095,3060,28607
8263992,129,23,297,430,430,6540,7245,4188,5409,2763,29037
8506497,130,23,17,366,366,6557,7245,4198,5765,2746,29403
8662747,131,24,5,530,530,6562,7249,4300,5856,2741,29933
8698271,132,25,11,213,213,6573,7251,4308,6005,2730,30146
8787624,133,25,1,428,428,6574,7265,4412,6033,2729,30574
9714281,134,33,234,1053,1053,6808,7266,4842,6627,2495,31627
9810213,135,34,4,378,378,6812,7283,5020,6629,2491,32005
9869754,136,37,3,126,126,6815,7284,5041,6694,2488,32131
9909688,137,37,11,109,109,6826,7289,5058,6727,2477,32240
9914645,138,38,2,20,20,6828,7291,5066,6731,2475,32260
10632466,139,38,147,910,910,6975,7291,5315,7369,2328,33170
10669116,140,39,0,372,372,6975,7300,5348,7370,2328,33542
10707805,141,39,2,96,96,6977,7302,5398,7373,2326,33638
10745068,142,39,0,96,96,6977,7304,5446,7378,2326,33734
10851044,143,43,29,231,231,7006,7308,5468,7502,2297,33965
11041683,144,44,30,329,329,7036,7309,5557,7715,2267,34294
11193555,145,45,69,414,414,7105,7335,5619,7863,2198,34708
11360940,146,46,2,314,314,7107,7335,5709,8037,2196,35022
11444765,147,48,20,229,229,7127,7342,5725,8144,2176,35251
11576166,148,55,5,403,403,7132,7345,5778,8262,2171,35654
11586979,149,60,7,261,261,7139,7360,5844,8265,2164,35915
11922081,150,61,30,458,458,7169,7360,5998,8560,2134,36373
12070510,151,80,47,242,242,7216,7362,6038,8757,2087,36615
12397804,152,84,5,538,538,7221,7362,6309,8969,2082,37153
12915053,153,88,5,760,760,7226,7362,6672,9350,2077,37913
13654295,154,90,1,894,894,7227,7362,7029,9864,2076,38807
13711775,155,101,1,373,373,7228,7362,7029,9871,2075,39180
14765168,156,102,290,1564,1564,7518,7362,8572,9889,1785,40744
15543784,157,117,78,1221,1221,7596,7362,9793,9890,1707,41965
16674122,158,160,12,1345,1345,7608,7362,11138,9890,1695,43310
17654955,159,186,15,1383,1383,7623,7362,12521,9890,1680,44693
18729434,160,213,0,1116,1116,7623,7362,13637,9890,1680,45809
18900055,161,301,7,317,317,7630,7368,13899,9890,1673,46126
19138617,162,302,3,374,374,7633,7377,14099,9890,1670,46500
19706393,163,516,22,833,833,7655,7377,14863,9894,1648,47333
20424933,164,555,6,999,999,7661,7377,15862,9894,1642,48332
20950604,165,1000,6,585,585,7667,7378,16385,9895,1636,48917
21699197,166,1007,6,864,864,7673,7378,17248,9895,1630,49781
23600197,167,1027,1,1272,1272,7674,7378,18511,9904,1629,51053
25053385,168,1030,132,997,997,7806,7378,19508,9904,1497,52050
25246692,169,1035,10,301,301,7816,7378,19809,9904,1487,52351
25583911,170,1040,4,404,404,7820,7382,20056,9904,1483,52755
26587178,171,1040,55,1195,1195,7875,7382,21250,9904,1428,53950
27024567,172,1517,2,804,804,7877,7382,22054,9904,1426,54754
28154717,173,1546,4,1296,1296,7881,7382,23350,9904,1422,56050
29228143,174,1547,7,1226,1226,7888,7382,24576,9904,1415,57276
30316987,175,1607,114,1685,1685,8002,7382,26261,9904,1301,58961
31283050,176,1607,0,1488,1488,8002,7382,27749,9904,1301,60449
32381815,177,1610,0,1685,1685,8002,7382,29434,9904,1301,62134
33471642,178,1611,5,1691,1691,8007,7382,31125,9904,1296,63825
34651656,179,1616,51,1843,1843,8058,7382,32968,9904,1245,65668
35617294,180,1620,0,1503,1503,8058,7382,34471,9904,1245,67171
36702965,181,1622,0,1685,1685,8058,7382,36156,9904,1245,68856
37217311,182,1715,37,796,796,8095,7382,36952,9904,1208,69652
37476134,183,1800,1,401,401,8096,7382,37353,9904,1207,70053
37591895,184,1803,0,180,180,8096,7382,37533,9904,1207,70233
38324549,185,2102,0,1131,1131,8096,7382,38664,9904,1207,71364
38528480,186,3003,0,311,311,8096,7382,38975,9904,1207,71675
39541620,187,3125,314,1551,1551,8410,7382,40526,9904,893,73226
40398790,188,3585,17,1281,1281,8427,7382,41807,9904,876,74507
41304877,189,3607,3,1273,1273,8430,7382,43080,9904,873,75780
42328539,190,4037,62,1354,1354,8492,7382,44434,9904,811,77134
43269896,191,4037,0,1349,1349,8492,7382,45783,9904,811,78483
44219754,192,4070,0,1350,1350,8492,7382,47133,9904,811,79833
44671616,193,7080,4,637,637,8496,7382,47770,9904,807,80470
45088011,194,11273,0,590,590,8496,7382,48360,9904,807,81060
45486315,195,11278,0,558,558,8496,7382,48918,9904,807,81618
